25 5
  0.2016   0.2005   0.2000   0.1998   0.1998   0.2008   0.2000   0.1993   0.1992   0.1994   0.2007   0.1998   0.1993   0.1992   0.1995   0.2007   0.1996   0.1993   0.1993   0.1994   0.2019   0.2007   0.2000   0.1998   0.2004 
  0.0683   0.1028  -0.0110  -0.0987  -0.0248   0.1211   0.0069  -0.1632  -0.1041   0.1144  -0.0420  -0.1542  -0.1433   0.1266   0.2799  -0.2027  -0.1105   0.1532   0.3024  -0.0524  -0.0189   0.1780   0.3416   0.0024  -0.6700 
 -0.0358   0.1365   0.3226   0.1498  -0.7001  -0.1377  -0.1895  -0.0316   0.2979   0.1872   0.0649  -0.0660  -0.2275  -0.0801   0.2486   0.1368   0.1122  -0.0593  -0.1364   0.0218  -0.0276   0.0206   0.0048  -0.0147   0.0028 
 -0.0526   0.1133   0.2820  -0.3903  -0.0276  -0.0256  -0.1511  -0.1398  -0.0438   0.5428   0.0839   0.1148   0.0334   0.1222  -0.5300  -0.0402  -0.0621  -0.0882   0.2613   0.0176   0.0292   0.0300  -0.1029  -0.0058   0.0296 
 -0.2515  -0.1480   0.0157   0.1564   0.2364  -0.2867  -0.1703   0.0183   0.1805   0.2782  -0.2963  -0.1780   0.0146   0.1882   0.2899  -0.2852  -0.1786   0.0016   0.1763   0.2762  -0.2390  -0.1508  -0.0057   0.1379   0.2324 
 -0.2616  -0.2852  -0.2874  -0.2707  -0.2410  -0.1605  -0.1773  -0.1806  -0.1676  -0.1447  -0.0026  -0.0012  -0.0031   0.0027   0.0080   0.1568   0.1763   0.1799   0.1728   0.1568   0.2485   0.2776   0.2854   0.2721   0.2461 
  0.0116  -0.0568   0.0746  -0.0634   0.0479  -0.0025  -0.0093   0.1593  -0.0664  -0.1010  -0.0180  -0.2574   0.0779   0.1970  -0.0132   0.3649  -0.0727  -0.3456   0.0071   0.1057  -0.4549   0.5835  -0.0381  -0.1229  -0.0065 
 -0.0047  -0.0057   0.0014   0.0276  -0.0199  -0.0098   0.0049   0.0509  -0.0682   0.0031   0.1165   0.0070  -0.1659  -0.0798   0.2108  -0.1045  -0.1369   0.2131   0.4196  -0.5374  -0.0237   0.2106  -0.1546  -0.3587   0.4026 
  0.0020  -0.0490  -0.0515   0.0645   0.0813   0.0397  -0.0745  -0.1447  -0.0275   0.0806   0.2320   0.1733  -0.0696  -0.1712  -0.0985   0.0637   0.3058   0.2327  -0.0048  -0.1582  -0.7276  -0.1455   0.2329   0.1976   0.0227 
 -0.0835   0.1022  -0.0148  -0.0110  -0.0045   0.1667   0.0336  -0.3839   0.2531  -0.0258  -0.3798   0.3306   0.1146  -0.1402   0.0113   0.3361  -0.4913   0.2643  -0.0809   0.0129  -0.0917   0.1180  -0.0370  -0.0072   0.0082 
 -0.1293   0.0952   0.1763  -0.1354   0.0187   0.1967   0.1493  -0.2067  -0.2289   0.0619  -0.3169  -0.2666  -0.0163   0.4614   0.1380   0.1936   0.2621   0.1013  -0.2206  -0.3458   0.0182  -0.1875  -0.0797   0.1218   0.1393 
 -0.7388   0.0508   0.2635   0.1150   0.0333   0.2409   0.3038   0.0333  -0.1380  -0.1201   0.2781   0.0168  -0.1758  -0.1157  -0.0071  -0.0077  -0.1546  -0.0980   0.0681   0.1191   0.0061  -0.0388   0.0237   0.0744  -0.0303 
  0.0103  -0.0710  -0.2213  -0.3694  -0.4124   0.2119   0.2257   0.1611   0.0390  -0.0693   0.1354   0.2020   0.2723   0.2854   0.2165  -0.1129  -0.0752   0.0226   0.1390   0.1897  -0.2529  -0.2557  -0.1966  -0.0842   0.0164 
  0.1967  -0.3329   0.2356  -0.1098   0.0299  -0.3827   0.5207  -0.2895   0.1394  -0.0328   0.2795  -0.2005  -0.0605   0.0489  -0.0425  -0.0524  -0.1235   0.2605  -0.1395   0.0677  -0.0115   0.0815  -0.1189   0.0542  -0.0183 
 -0.3810  -0.3166  -0.1327   0.0665   0.1348  -0.1965  -0.0678   0.1118   0.2323   0.2317   0.1042   0.2037   0.2172   0.1547   0.0677   0.2224   0.2235   0.0942  -0.1050  -0.2309   0.1138   0.0406  -0.1223  -0.2895  -0.3701 
 -0.1406   0.6599  -0.4124  -0.0819   0.0306  -0.4214   0.1587   0.0280   0.0585   0.0577   0.1905  -0.2179   0.0568   0.0234  -0.0255   0.1926  -0.1108   0.0389  -0.0120  -0.0543  -0.0195  -0.0971   0.0643   0.0148   0.0192 
 -0.1475   0.1702  -0.1282   0.0714  -0.0080   0.3315  -0.1914  -0.2380   0.2437  -0.0434   0.1656  -0.3182   0.2314   0.0203  -0.1301  -0.4015   0.1727   0.2538  -0.2117   0.1228  -0.0186   0.3031  -0.1919  -0.1227   0.0651 
  0.1117  -0.0832  -0.2833  -0.1192   0.2156   0.2282  -0.0508  -0.3191  -0.1095   0.3649   0.2739  -0.0156  -0.3067  -0.1353   0.3602   0.1932  -0.0031  -0.2400  -0.1433   0.2139   0.0797  -0.0434  -0.1697  -0.1177   0.0926 
  0.0017   0.0238   0.0597  -0.0919   0.0139  -0.0264  -0.0755   0.1029  -0.1086   0.0666   0.0222  -0.0949   0.2794  -0.3693   0.2236   0.0324   0.0037   0.0094   0.1048  -0.1709   0.0063   0.1100  -0.5149   0.5732  -0.1812 
 -0.0267  -0.1064  -0.1357  -0.1141  -0.0464   0.0986   0.0976   0.1105   0.1851   0.2090   0.1037   0.1001   0.0636   0.0641   0.0433  -0.2804  -0.2755  -0.3004  -0.3773  -0.4095   0.0292   0.1965   0.3386   0.2943   0.1360 
  0.0263   0.1447   0.2261   0.1230   0.0603  -0.2437  -0.3315  -0.3503  -0.2949  -0.2578   0.3185   0.3128   0.2708   0.2886   0.2147  -0.1022  -0.1367  -0.1427  -0.1012  -0.0320   0.0103  -0.0008  -0.0070  -0.0053   0.0084 
 -0.0451   0.1233   0.2070  -0.5658   0.3125  -0.0174  -0.2383   0.1388   0.4227  -0.3532   0.0516   0.0806  -0.3084   0.0213   0.1491  -0.0111   0.0907   0.0294  -0.0499  -0.0181   0.0042  -0.0306  -0.0195   0.0429  -0.0161 
 -0.0190  -0.0340   0.1183  -0.1065   0.0418   0.0203   0.1540  -0.3454   0.2622  -0.0912  -0.0559  -0.1825   0.4254  -0.2983   0.1047   0.0267   0.2133  -0.4123   0.2894  -0.1127   0.0298  -0.1702   0.2456  -0.1644   0.0606 
 -0.0101  -0.0463   0.2513  -0.2531   0.0390   0.0188  -0.1617   0.2726  -0.2792   0.1574   0.0671  -0.2222   0.3102  -0.2889   0.1499   0.0832  -0.1920   0.3164  -0.2897   0.0953   0.0021  -0.1211   0.2898  -0.2620   0.0730 
 -0.0859   0.2188   0.0506  -0.1615   0.0188  -0.2255   0.3108  -0.0119  -0.2113   0.1147  -0.3166   0.3642  -0.0206  -0.2081   0.1655  -0.3087   0.3447  -0.0458  -0.1897   0.1387  -0.0816   0.3135  -0.0358  -0.1666   0.0315 
